## columns in this file are:  Name,  RA,  DEC,  z,  R_500 (Mpc),  T_x (keV)
##
PSZ2G000.13+78.04   203.55868   20.255990   0.171000   1.15024   6.19662
PSZ2G000.40-41.86   316.08448   -41.354169   0.165100   1.16555   6.31374
PSZ2G000.77-35.69   307.97284   -40.598725   0.341600   1.16003   7.50062
PSZ2G002.08-68.28   349.63243   -36.332559   0.140000   0.954556   4.25721
PSZ2G002.42+69.64   210.99332   15.688427   0.180518   1.01074   4.92311
PSZ2G002.77-56.16   334.65947   -38.879406   0.141100   1.10566   5.59461
PSZ2G003.91-42.03   316.46751   -38.753160   0.152100   1.12634   5.85157
PSZ2G003.93-59.41   338.60809   -37.741318   0.151000   1.29710   7.59170
PSZ2G004.13+56.81   221.86513   8.4516901   0.380000   1.18879   8.17917
PSZ2G006.68-35.55   308.70593   -35.825081   0.0894000   1.10376   5.31201
PSZ2G006.82-34.71   307.71099   -35.564128   0.139800   0.988978   4.54499
PSZ2G006.84+50.69   227.75524   6.0220111   0.0757277   0.844948   3.19832
PSZ2G007.57-33.90   306.88606   -34.796530   0.550000   1.06619   8.06314
PSZ2G007.76-36.83   310.43929   -35.187758   0.0894620   0.947824   4.00672
PSZ2G008.31-64.74   344.67823   -34.788245   0.312000   1.25445   8.40212
PSZ2G008.47-56.34   334.44364   -35.715568   0.148600   1.13370   5.90258
PSZ2G008.80-35.18   308.65951   -34.061514   0.0936000   0.985223   4.32087
PSZ2G008.94-81.22   3.5590615   -30.387616   0.306600   1.36117   9.71810
PSZ2G009.45-56.93   335.13356   -35.137599   0.154400   1.06719   5.30709
PSZ2G011.06-63.84   343.38622   -33.738863   0.224000   1.04560   5.47497
PSZ2G011.72-37.96   312.45047   -32.299867   0.323000   1.10596   6.73157
PSZ2G013.74-45.53   321.56634   -32.025446   0.323033   1.06586   6.28684
PSZ2G014.33+60.23   221.97865   14.769364   0.219834   1.07191   5.70871
PSZ2G018.18-60.00   338.71215   -30.541864   0.251500   1.09889   6.17358
PSZ2G019.48-80.97   2.8223237   -28.868828   0.0620000   0.952369   3.94256
PSZ2G020.08+37.47   244.06748   6.9137150   0.332806   1.10892   6.83582
PSZ2G020.66+37.99   243.83192   7.5709252   0.345133   1.11537   7.00101
PSZ2G021.08+38.00   243.98220   7.8598340   0.381500   1.13232   7.48632
PSZ2G021.36-43.02   319.89624   -26.201725   0.380000   1.11079   7.21326
PSZ2G022.12-38.81   315.55111   -24.572873   0.188000   1.02881   5.12507
PSZ2G023.17+86.71   196.47311   26.526184   0.306300   1.08886   6.42571
PSZ2G026.73-38.94   316.84284   -21.184007   0.202000   1.15861   6.47607
PSZ2G028.63+50.15   235.03317   17.898662   0.0916000   1.01521   4.55910
PSZ2G028.77-33.56   312.06145   -17.808966   0.147500   1.11179   5.68710
PSZ2G028.89+60.13   225.09048   21.359432   0.153000   1.11200   5.71938
PSZ2G030.90+34.37   250.84410   13.385335   0.181900   1.02937   5.09943
PSZ2G031.93+78.71   205.47093   26.368441   0.0724000   0.962595   4.05928
PSZ2G033.46-48.43   328.08144   -19.612919   0.0943000   1.09402   5.24920
PSZ2G033.97-76.61   357.92736   -26.095303   0.226400   1.28401   8.02836
PSZ2G034.78+31.71   254.69025   15.319842   0.480000   1.09552   7.84386
PSZ2G037.05-70.55   351.52522   -24.120654   0.0880000   0.894717   3.59608
PSZ2G037.48+71.52   213.63482   27.055502   0.480965   1.13959   8.44707
PSZ2G037.69-46.87   327.61754   -16.399162   0.263000   1.11664   6.43537
PSZ2G038.95-46.90   327.98874   -15.613352   0.0614000   0.865648   3.30186
PSZ2G039.21-75.96   357.46532   -24.755255   0.243501   1.02326   5.36579
PSZ2G039.32-59.88   340.76980   -20.164044   0.135900   0.994396   4.57409
PSZ2G039.85-39.96   321.75144   -12.161665   0.176000   1.20465   6.78359
PSZ2G039.98-53.12   334.23695   -17.407614   0.130100   1.02513   4.81258
PSZ2G040.03+74.95   209.81626   27.965074   0.0612000   0.948243   3.90817
PSZ2G040.28+37.36   250.79793   21.543792   0.153500   0.986116   4.58074
PSZ2G040.58+77.12   207.36220   28.094609   0.0748000   0.950918   3.97722
PSZ2G041.43-66.81   348.10844   -21.550735   0.110800   0.949551   4.10079
PSZ2G041.45+29.10   259.46648   19.692548   0.178000   1.18113   6.55322
PSZ2G042.19+63.00   223.38312   28.121747   0.256841   1.05006   5.70653
PSZ2G042.53+35.20   253.62426   22.590872   0.181100   1.00283   4.85477
PSZ2G042.81+56.61   230.61707   27.694720   0.0723000   1.10226   5.21642
PSZ2G042.81-82.97   5.1724744   -25.713806   0.141000   1.09290   5.47513
PSZ2G044.07-59.30   341.13824   -17.716886   0.132500   0.978805   4.42777
PSZ2G044.20+48.66   239.60047   27.212253   0.0894000   1.41460   8.41028
PSZ2G044.46-65.42   347.17389   -19.918404   0.0829000   0.941467   3.93331
PSZ2G044.77-51.30   333.76547   -13.987667   0.502700   1.19539   9.45407
PSZ2G045.04+30.38   259.31152   23.059839   0.160300   0.990921   4.65277
PSZ2G045.10-43.18   326.47205   -10.092422   0.0808000   0.970049   4.14931
PSZ2G045.13+67.78   217.99584   29.556654   0.219100   1.10855   6.07089
PSZ2G045.32-38.46   322.35444   -7.7089217   0.594000   1.11934   9.26843
PSZ2G045.50-37.21   321.31991   -6.9781362   0.115300   0.959391   4.19755
PSZ2G045.87+57.70   229.58737   29.469575   0.611000   1.08085   8.85410
PSZ2G046.10+27.18   262.92730   22.875127   0.389000   1.24511   8.99840
PSZ2G046.13+30.72   259.28107   24.064568   0.569000   1.06493   8.21813
PSZ2G046.26-70.47   352.44707   -21.169897   0.143100   0.973569   4.42873
PSZ2G046.47-49.44   332.56931   -12.177722   0.0846000   1.12487   5.47747
PSZ2G046.88+56.48   231.04689   29.912875   0.114500   1.18659   6.21734
PSZ2G047.48+37.37   252.57870   27.035119   0.240000   1.05003   5.60846
PSZ2G047.71-59.47   342.12060   -16.108443   0.247200   1.08081   5.96044
PSZ2G047.73-60.15   342.75837   -16.400150   0.122100   1.01673   4.70396
PSZ2G048.08-46.63   330.57306   -9.8894681   0.0809000   0.882315   3.48157
PSZ2G048.09+27.18   263.56487   24.544347   0.736080   0.982642   8.54105
PSZ2G048.10+57.16   230.31609   30.627828   0.0777000   1.05429   4.82749
PSZ2G048.21-65.00   347.43973   -18.310016   0.420000   1.08036   7.15597
PSZ2G048.75+53.18   234.96694   30.695959   0.0980000   0.931796   3.91292
PSZ2G048.91-25.55   312.67912   1.3960003   0.333400   1.10623   6.80942
PSZ2G049.18+65.05   221.11936   31.233363   0.234000   1.09529   6.02740
PSZ2G049.22+30.87   260.02172   26.631583   0.164400   1.20878   6.74952
PSZ2G049.32+44.37   245.14035   29.894137   0.0972000   1.05544   4.92483
PSZ2G049.69-49.46   333.61761   -10.352438   0.0980000   1.05137   4.89333
PSZ2G049.80-25.16   312.77128   2.2844662   0.321100   1.17267   7.48770
PSZ2G050.06-27.32   314.73122   1.3563281   0.334000   1.17933   7.67099
PSZ2G050.40+31.17   260.03232   27.688185   0.164000   1.09031   5.57381
PSZ2G050.46+67.54   218.16803   31.587872   0.131300   0.967196   4.32606
PSZ2G052.35-31.98   319.73752   0.54387817   0.264975   1.07209   5.98011
PSZ2G053.44-36.25   323.79916   -1.0448464   0.330000   1.23014   8.25900
PSZ2G053.53+59.52   227.55461   33.491478   0.113000   1.22636   6.59937
PSZ2G053.55-29.85   318.51540   2.5707132   0.0494000   0.844593   3.12103
PSZ2G053.63-41.84   328.54492   -4.0019404   0.150900   0.996057   4.65490
PSZ2G053.64-34.48   322.41014   0.073303609   0.234700   1.06394   5.71592
PSZ2G053.88-64.60   348.23667   -15.987519   0.262000   1.10239   6.27758
PSZ2G053.99-45.06   331.39185   -5.5580595   0.0582000   0.840294   3.11605
PSZ2G054.85+54.30   233.82831   34.344616   0.234700   1.06778   5.75413
PSZ2G054.95-33.39   322.11803   1.5874349   0.392000   1.19430   8.35738
PSZ2G054.99+53.41   234.90178   34.431346   0.229000   1.16959   6.77189
PSZ2G055.59+31.85   260.61499   32.135407   0.224000   1.29752   8.16567
PSZ2G055.80+32.90   259.46236   32.560843   0.105400   0.935657   3.97025
PSZ2G055.95-34.89   323.82600   1.4104545   0.231000   1.23338   7.48683
PSZ2G056.14+28.06   265.07477   31.603019   0.426000   1.07336   7.11680
PSZ2G056.77+36.32   255.66631   34.051072   0.0953000   1.12008   5.48821
PSZ2G056.93-55.08   340.83410   -9.5950950   0.447000   1.29670   10.3351
PSZ2G057.08-74.45   357.78260   -19.982501   0.248000   1.08806   6.03970
PSZ2G057.61+34.93   257.46717   34.461287   0.0802000   1.06712   4.94816
PSZ2G057.73+51.58   237.14131   36.103360   0.238200   1.15600   6.68919
PSZ2G057.78+52.32   236.21486   36.121906   0.0654000   0.922882   3.73090
PSZ2G057.92+27.64   266.06781   32.998643   0.0757000   0.957503   4.03167
PSZ2G058.81-49.68   337.07084   -5.5274217   0.520000   1.10364   8.31266
PSZ2G059.18+32.91   260.20287   35.324806   0.383000   1.07010   6.75344
PSZ2G059.29+44.49   245.99015   36.972902   0.342746   1.12331   7.07562
PSZ2G059.47+33.06   260.07859   35.600198   0.387000   1.12515   7.44301
PSZ2G059.72-46.21   334.64841   -2.9574109   0.0902000   0.895348   3.60809
PSZ2G059.81-39.09   329.03827   1.4209954   0.224000   1.11912   6.20920
PSZ2G060.16+64.50   221.07375   35.937636   0.360746   1.06428   6.52704
PSZ2G060.55+27.00   267.57446   35.076054   0.171200   1.01114   4.88179
PSZ2G062.44-46.43   335.98567   -1.6169120   0.0906000   1.03773   4.74383
PSZ2G063.38+53.44   234.50727   39.414731   0.422033   1.11916   7.65607
PSZ2G064.11-53.72   342.29576   -5.4467455   0.245236   1.07092   5.84807
PSZ2G065.28+44.53   246.07507   41.247023   0.182500   1.04583   5.25453
PSZ2G065.32-64.84   351.31887   -12.125210   0.0852000   0.930174   3.85451
PSZ2G065.45+78.10   204.81799   33.010159   0.273000   1.02670   5.56587
PSZ2G065.79+41.80   249.71679   41.599046   0.336000   1.09027   6.64705
PSZ2G065.81-83.77   7.1503809   -23.631867   0.112000   0.963216   4.21549
PSZ2G065.89+31.59   263.22314   40.641852   0.132900   0.945575   4.15501
PSZ2G066.26+20.82   276.85105   38.258681   0.278000   1.03055   5.63376
PSZ2G066.41+27.03   269.20190   40.132729   0.576000   1.12974   9.24031
PSZ2G066.68+68.44   215.43203   37.282120   0.163008   1.04308   5.12992
PSZ2G067.17+67.46   216.50321   37.815967   0.171200   1.29052   7.66988
PSZ2G067.52+34.75   259.31341   42.461772   0.175400   1.10302   5.75857
PSZ2G067.89-32.29   328.00994   10.804618   0.194480   1.03651   5.22994
PSZ2G068.36+81.81   200.69459   31.656538   0.308300   1.19095   7.60180
PSZ2G068.49-39.12   333.42797   6.5331250   0.390731   1.07840   6.90828
PSZ2G068.61-46.60   338.92684   1.4494357   0.0594000   0.862186   3.27157
PSZ2G069.66-79.26   3.6923231   -20.414875   0.317000   1.14463   7.12856
PSZ2G070.08-31.79   328.91939   12.515037   0.192000   1.12935   6.11524
PSZ2G070.89+49.26   239.17909   44.653264   0.610000   1.05131   8.40164
PSZ2G071.21+28.86   268.01302   44.669524   0.366000   1.17381   7.86960
PSZ2G071.39+59.54   225.33594   42.346430   0.291700   1.15236   7.02836
PSZ2G071.63+29.78   266.82567   45.189878   0.156500   1.07599   5.39942
PSZ2G072.40-78.45   3.4305393   -19.486186   0.0940000   0.960319   4.12231
PSZ2G072.59-43.25   338.56279   5.8108172   0.159000   1.08852   5.52983
PSZ2G072.62+41.46   250.09414   46.710278   0.228000   1.48418   10.5159
PSZ2G072.80-41.12   337.19373   7.4599503   0.372969   1.07067   6.68729
PSZ2G073.31+67.52   215.17372   39.924482   0.609000   1.06687   8.62376
PSZ2G073.38-80.01   4.7635198   -20.420162   0.277300   1.14104   6.79820
PSZ2G073.64+36.50   257.38289   47.547488   0.560000   1.04924   7.91521
PSZ2G073.82-54.92   347.09088   -2.1956241   0.296600   1.12698   6.77913
PSZ2G073.97-27.82   328.42333   17.698583   0.232900   1.39685   9.44584
PSZ2G074.08-54.68   347.04601   -1.9213273   0.304700   1.11515   6.70469
PSZ2G074.37+71.11   210.91136   38.469699   0.484519   1.06297   7.45485
PSZ2G075.11-58.83   350.23442   -4.6444394   0.189212   0.991470   4.79173
PSZ2G075.30+37.21   256.34702   48.889650   0.269100   1.06377   5.91967
PSZ2G076.18-47.30   343.15832   4.4977045   0.666000   1.02128   8.47926
PSZ2G076.44+23.53   277.05141   48.060050   0.169000   0.977144   4.57234
PSZ2G077.20-65.45   355.33440   -9.0186163   0.251000   1.03876   5.55984
PSZ2G077.70+26.70   272.74623   49.893896   0.0501000   0.761536   2.57819
PSZ2G077.90-26.63   330.22805   20.970078   0.147000   1.15520   6.10221
PSZ2G078.36-47.22   344.25503   5.5028597   0.169600   1.03258   5.06727
PSZ2G079.35+28.35   270.57831   51.622556   0.204000   1.02694   5.18992
PSZ2G080.16+57.65   225.23694   47.287421   0.0878000   0.933012   3.88558
PSZ2G080.41-33.24   336.53959   17.376657   0.107200   1.06169   5.02552
PSZ2G080.64+64.31   216.83131   44.130810   0.502080   1.02237   7.07255
PSZ2G080.70+48.31   238.29883   51.148338   0.235400   0.960873   4.73638
PSZ2G081.00-50.93   347.89825   3.6286920   0.299800   1.24583   8.18965
PSZ2G081.02+50.57   234.80821   50.613742   0.500574   0.986840   6.61305
PSZ2G081.22-41.95   342.60268   10.913961   0.0768000   0.900885   3.60496
PSZ2G081.31-68.56   358.56911   -10.445246   0.0765000   0.966441   4.10464
PSZ2G081.56+26.51   274.09617   53.248883   0.276400   1.02111   5.52937
PSZ2G081.72+70.15   210.09948   41.012857   0.250479   1.04320   5.60084
PSZ2G082.88-75.10   2.9822997   -15.398679   0.378000   1.06171   6.61985
PSZ2G083.14+66.57   213.44452   43.652264   0.0890000   0.874987   3.45379
PSZ2G083.29-31.03   337.12955   20.622053   0.412000   1.23395   9.07359
PSZ2G083.85-55.43   351.90626   0.94190751   0.302061   1.08207   6.32352
PSZ2G083.86+85.09   196.46234   30.893058   0.183200   1.10962   5.86750
PSZ2G084.10+58.72   222.31585   48.558949   0.731000   0.943407   7.87528
PSZ2G084.13-35.41   340.48529   17.523284   0.313700   1.11816   6.80257
PSZ2G084.50+31.35   266.28164   56.377342   0.323600   1.01766   5.77401
PSZ2G084.69+42.28   246.76585   55.480216   0.130000   0.942202   4.11622
PSZ2G084.81-62.18   356.06568   -4.3899111   0.0786000   1.00546   4.42526
PSZ2G084.85+35.05   259.56678   56.656151   0.113800   0.914603   3.83647
PSZ2G085.23+39.42   251.62915   56.467407   0.256500   1.01705   5.37684
PSZ2G085.98+26.69   274.99460   57.168482   0.179000   1.04964   5.27179
PSZ2G086.54-26.67   336.78023   25.814480   0.165000   1.01082   4.84944
PSZ2G086.58+73.11   205.87500   40.132849   0.221900   1.02549   5.27040
PSZ2G086.62+30.26   268.47403   58.128951   0.226300   1.06672   5.69481
PSZ2G086.73-61.16   356.28618   -3.0427217   0.354699   1.02013   5.99546
PSZ2G086.93+53.18   228.47874   52.798417   0.675200   0.967695   7.75361
PSZ2G087.03-57.37   354.43188   0.26823595   0.277900   1.24729   8.02168
PSZ2G087.25-41.86   346.32173   13.539992   0.0481000   0.829280   3.01357
PSZ2G087.39+50.92   231.56901   54.143075   0.748000   0.923033   7.70878
PSZ2G088.53+41.18   247.38870   58.533810   0.132900   0.925016   3.98927
PSZ2G088.98+55.07   224.78062   52.802026   0.702346   0.925027   7.35320
PSZ2G089.39+69.36   208.42590   43.483472   0.680000   0.983384   8.03118
PSZ2G089.46-58.09   355.91725   0.30207894   0.270000   1.11451   6.45919
PSZ2G089.52+62.34   215.52990   48.476883   0.0700774   0.844029   3.17555
PSZ2G089.81-39.56   346.80058   16.509779   0.250200   1.18279   7.06536
PSZ2G089.99-43.91   349.17675   12.812504   0.523709   1.07756   7.98549
PSZ2G090.62+33.52   261.94358   61.508648   0.307000   1.03973   5.90352
PSZ2G090.66-52.34   353.73005   5.6659665   0.196717   1.07688   5.62591
PSZ2G091.40-51.01   353.50277   7.0572877   0.0990000   0.950071   4.05999
PSZ2G091.79-27.00   341.36032   28.144415   0.361735   1.14992   7.54091
PSZ2G091.83+26.11   277.78354   62.248094   0.822000   1.01233   9.93555
PSZ2G092.16-66.01   0.78783874   -6.0722084   0.232000   1.18372   6.94527
PSZ2G092.30-55.75   356.17580   3.0935927   0.349000   1.07878   6.60893
PSZ2G092.71+73.46   203.80139   41.000397   0.227900   1.31472   8.40032
PSZ2G093.92+34.92   258.18452   64.058989   0.0809000   1.20546   6.20516
PSZ2G093.93-82.22   8.8501127   -20.270838   0.352000   1.19503   8.01379
PSZ2G094.00+27.41   275.48636   64.348845   0.331500   1.19101   7.79156
PSZ2G094.44+36.13   255.28980   64.239115   0.453000   0.960193   5.96415
PSZ2G094.46-69.65   3.2029845   -8.9505236   0.352111   1.09900   6.86300
PSZ2G094.56+51.03   227.06135   57.891783   0.539200   1.04713   7.70471
PSZ2G095.22+67.41   207.85258   46.355742   0.0625000   0.792389   2.80590
PSZ2G095.29+44.13   238.13459   62.054477   0.330785   1.00225   5.65608
PSZ2G095.65-50.01   355.50891   9.1431972   0.488066   1.07650   7.66160
PSZ2G096.14+56.24   218.83875   55.141350   0.139773   0.947387   4.19727
PSZ2G096.78-50.20   356.25143   9.2677847   0.0687233   0.870455   3.35800
PSZ2G096.83+52.49   223.24877   58.036577   0.317900   1.07626   6.36624
PSZ2G096.99-53.64   357.74228   6.1543953   0.0562000   0.852062   3.19162
PSZ2G097.15+39.20   246.90343   65.396317   0.205800   0.944783   4.45533
PSZ2G097.52+51.70   223.81618   58.875241   0.700000   0.942179   7.58766
PSZ2G097.72+38.12   248.97764   66.202314   0.170900   1.25074   7.23572
PSZ2G097.78+46.95   231.05255   62.022709   0.337800   0.946726   5.12771
PSZ2G098.10+30.30   268.63684   68.040619   0.0770000   0.921737   3.76169
PSZ2G098.30-41.15   353.59725   18.000284   0.436000   1.15931   8.29838
PSZ2G098.44+56.59   216.77907   55.749704   0.131838   0.956405   4.23927
PSZ2G099.24+42.54   238.03782   65.340540   0.223100   0.923547   4.34670
PSZ2G099.48+55.60   217.14854   56.876584   0.105100   0.963164   4.18793
PSZ2G099.48+37.72   248.67137   67.642280   0.166800   0.907698   3.98028
PSZ2G099.57-58.64   0.94505931   2.0536454   0.0924000   0.896440   3.62359
PSZ2G099.86+58.45   213.67822   54.783574   0.630500   1.06307   8.77619
PSZ2G100.14+41.67   239.02573   66.354467   0.233900   1.03963   5.47194
PSZ2G100.22-29.64   350.25435   29.213550   0.485000   1.16836   8.88590
PSZ2G100.45-38.42   354.13110   21.151910   0.0565000   0.850116   3.17899
PSZ2G101.36+32.39   261.92801   70.594147   0.305900   0.947303   4.96291
PSZ2G101.52-29.98   351.59627   29.325771   0.227000   1.10946   6.12889
PSZ2G101.55-59.03   2.0421784   2.0303799   0.369455   1.10951   7.11633
PSZ2G101.68-49.21   358.88488   11.337716   0.0726000   0.923323   3.75861
PSZ2G102.90-31.04   353.30202   28.767796   0.591500   1.07352   8.55405
PSZ2G104.30-48.99   0.48381435   12.078187   0.203300   1.05653   5.46635
PSZ2G104.71-54.54   2.3395052   6.8292516   0.244062   1.10415   6.18110
PSZ2G104.74+40.42   236.70959   69.944118   0.690000   0.885854   6.69353
PSZ2G104.98-54.79   2.5583962   6.6338596   0.291234   1.07771   6.20550
PSZ2G105.40-50.43   1.5977680   10.892747   0.169800   1.04660   5.19643
PSZ2G105.55+77.21   197.75441   39.246289   0.0720000   0.896663   3.55817
PSZ2G105.76+54.73   212.58974   59.680120   0.316000   1.03847   5.94653
PSZ2G106.41+50.82   216.31490   63.185992   0.139400   0.960612   4.30488
PSZ2G106.61+66.71   202.63554   49.152938   0.331400   1.05235   6.19489
PSZ2G106.87-83.23   10.866176   -20.617023   0.292400   1.28400   8.59341
PSZ2G107.10+65.32   203.17767   50.518293   0.279900   1.29480   8.61458
PSZ2G107.11-39.50   359.77040   21.751813   0.533030   1.10953   8.51779
PSZ2G107.39-31.48   357.63897   29.539921   0.149800   1.01537   4.81827
PSZ2G107.66-58.32   4.8949376   3.5964757   0.267000   1.18540   7.21811
PSZ2G107.67-39.78   0.30187767   21.593165   0.415200   1.09063   7.24436
PSZ2G108.24+58.11   207.23012   57.346871   0.321677   0.990045   5.47603
PSZ2G108.27+48.66   216.77734   65.652811   0.674000   0.936706   7.29024
PSZ2G108.71-47.75   3.0592162   14.026513   0.371674   1.06369   6.59748
PSZ2G109.14-28.02   358.28654   33.280038   0.457000   1.14273   8.26869
PSZ2G109.97+52.84   209.93560   62.527950   0.325900   1.06499   6.29640
PSZ2G109.99-70.28   8.4865385   -7.8528190   0.304487   1.13057   6.87586
PSZ2G110.28-87.48   12.253244   -24.670224   0.520000   1.12824   8.65914
PSZ2G111.61-45.71   4.6448667   16.433379   0.545600   1.23899   10.5967
PSZ2G111.75+70.37   198.26416   46.281164   0.183000   1.08407   5.61864
PSZ2G112.35-32.86   2.6883645   29.167319   0.348114   1.10393   6.89058
PSZ2G112.48+56.99   203.99324   59.220971   0.0701000   0.994514   4.30307
PSZ2G113.02-64.68   8.6359602   -2.1386652   0.0812000   0.911352   3.69774
PSZ2G113.29-29.69   2.9363477   32.432526   0.107300   1.05562   4.97292
PSZ2G113.81+44.35   213.53322   71.282293   0.225000   1.09089   5.92824
PSZ2G113.91-37.01   4.9004144   25.296498   0.371187   1.21793   8.47330
PSZ2G114.14+58.96   201.30649   57.583420   0.115583   0.880616   3.58266
PSZ2G114.31+64.89   198.76583   51.832863   0.283600   1.21164   7.64756
PSZ2G114.39-60.16   8.6221707   2.4226260   0.368318   1.11348   7.15491
PSZ2G114.79-33.71   5.1456350   28.665698   0.0940000   1.07105   5.04558
PSZ2G114.83+57.25   201.44571   59.330467   0.169517   0.991260   4.69779
PSZ2G114.90-34.35   5.3525622   28.050431   0.0948000   0.925857   3.85541
PSZ2G114.99+70.36   196.72859   46.525749   0.225900   1.16914   6.74583
PSZ2G115.58-44.56   7.3619532   17.994695   0.170000   1.08679   5.57307
PSZ2G115.65+41.66   213.30632   74.292047   0.219500   0.934815   4.42928
PSZ2G115.67-27.57   5.0172356   34.852872   0.457297   1.04623   7.02454
PSZ2G115.72+44.03   209.94224   72.121196   0.214300   1.02349   5.21121
PSZ2G116.24-72.94   10.872171   -10.175268   0.501893   1.06314   7.60208
PSZ2G116.32-36.33   6.9293898   26.237317   0.366800   1.08338   6.78968
PSZ2G116.50-44.47   8.0345191   18.153636   0.395647   1.20793   8.56872
PSZ2G116.95-53.55   9.2672275   9.1535563   0.254600   1.20449   7.34041
PSZ2G118.34+68.79   195.34839   48.241857   0.254879   1.00824   5.28207
PSZ2G118.46+39.32   208.69429   77.247732   0.396700   1.11582   7.40659
PSZ2G118.92+52.38   198.55142   64.564292   0.220000   1.07363   5.72663
PSZ2G119.30-64.68   11.309972   -1.8576375   0.556769   1.06884   8.16166
PSZ2G119.38+46.85   199.98463   70.073910   0.327500   1.00946   5.71171
PSZ2G120.08-44.41   10.714800   18.407127   0.266800   1.07591   6.03108
PSZ2G121.03+57.02   194.92662   60.074106   0.344000   1.11843   7.02813
PSZ2G121.13+49.64   195.88694   67.441544   0.221000   0.963228   4.68890
PSZ2G121.77+51.75   194.57228   65.359959   0.233215   1.03457   5.41898
PSZ2G122.30+54.52   193.64634   62.596320   0.318225   1.04646   6.04570
PSZ2G122.47-38.41   12.468887   24.452674   0.0815000   0.935824   3.88478
PSZ2G122.89-36.82   12.824561   26.050957   0.345787   1.10942   6.93688
PSZ2G123.00-35.52   12.923097   27.346064   0.379705   1.15154   7.70848
PSZ2G123.66+67.25   192.42231   49.871762   0.283797   1.04853   5.85230
PSZ2G124.20-36.48   14.001804   26.378362   0.197100   1.30302   8.01047
PSZ2G125.30-27.99   15.408113   34.834550   0.223276   1.12194   6.23355
PSZ2G125.71+53.86   189.22508   63.184299   0.301900   1.19083   7.54936
PSZ2G126.07-49.55   14.952414   13.264428   0.493849   0.975712   6.42749
PSZ2G126.20-33.17   16.013593   29.617217   0.357968   1.09658   6.87808
PSZ2G126.61-37.63   16.078359   25.145011   0.166147   1.04634   5.17549
PSZ2G126.72-72.82   13.997144   -9.9879138   0.0535000   0.794737   2.79866
PSZ2G127.44-34.74   17.056903   27.978614   0.248664   1.10228   6.19091
PSZ2G127.50-30.52   17.516439   32.182913   0.352803   1.08775   6.73843
PSZ2G127.86+45.05   181.74686   71.646472   0.191200   0.942721   4.37320
PSZ2G128.18-51.08   16.228700   11.644470   0.545703   1.08568   8.29822
PSZ2G128.26+43.03   179.00661   73.511344   0.0830000   0.844515   3.21658
PSZ2G130.21-62.60   16.202905   0.074316891   0.277000   1.14798   6.87277
PSZ2G130.25-26.50   20.952366   35.902550   0.216000   1.08344   5.80048
PSZ2G132.29+44.51   171.92159   71.059606   0.152500   0.941379   4.19928
PSZ2G132.54-42.16   20.434628   20.139820   0.193982   1.04955   5.34975
PSZ2G133.59+50.68   176.70398   65.089090   0.529308   1.00709   7.08949
PSZ2G133.60+69.04   187.22353   47.612347   0.254000   1.16903   6.94096
PSZ2G134.52+31.98   131.36920   78.811154   0.128800   0.915299   3.89677
PSZ2G134.59+53.38   177.79688   62.357755   0.345200   1.03024   6.04425
PSZ2G134.70+48.91   173.30855   66.386939   0.116000   1.02283   4.72910
PSZ2G135.03+36.04   146.76801   76.387592   0.345000   1.11327   6.97562
PSZ2G135.06+54.39   178.09032   61.319064   0.316900   1.11063   6.74069
PSZ2G135.17+65.43   184.82048   50.921678   0.543612   1.05344   7.82945
PSZ2G135.19+57.88   180.53869   58.059284   0.103100   0.890039   3.61150
PSZ2G135.70+32.52   131.93622   77.688912   0.260000   1.04294   5.65340
PSZ2G136.91-53.21   21.274480   8.7376515   0.0491000   0.850183   3.15855
PSZ2G136.92+59.46   180.08517   56.252360   0.0650000   0.842370   3.14951
PSZ2G137.74-27.08   28.783521   33.944323   0.0872000   0.971352   4.18412
PSZ2G138.11+42.06   157.05660   70.588574   0.496000   1.11007   8.18159
PSZ2G138.32-39.82   25.515667   21.533020   0.280300   1.16475   7.08412
PSZ2G138.97+40.56   152.35805   71.135946   0.192700   1.00082   4.89267
PSZ2G139.18+56.37   175.59284   58.522664   0.322000   1.20062   7.82899
PSZ2G140.63+29.45   115.52058   74.253552   0.214900   1.12527   6.21516
PSZ2G140.90-52.52   23.810373   8.8101215   0.538770   1.13316   8.91356
PSZ2G141.05-32.61   30.090473   27.820775   0.554472   1.09987   8.58383
PSZ2G142.18-53.27   24.341779   7.8753860   0.365200   1.12845   7.30944
PSZ2G142.20+37.25   139.61259   70.856568   0.284000   1.05359   5.90594
PSZ2G143.00-77.70   17.208529   -15.516559   0.0533000   0.851044   3.17633
PSZ2G143.26+65.24   179.84265   49.774169   0.363353   1.22516   8.49482
PSZ2G143.44+53.66   168.74887   59.451251   0.366351   1.08348   6.78763
PSZ2G143.62+42.61   150.84321   67.137085   0.206000   1.12300   6.13685
PSZ2G144.33+62.85   177.30615   51.608566   0.132000   0.936730   4.07983
PSZ2G144.81-49.86   27.005803   10.584581   0.190000   1.08495   5.66626
PSZ2G145.19+32.14   122.76919   70.048968   0.223000   1.11041   6.11378
PSZ2G145.65+59.30   173.15140   54.210209   0.347477   1.05024   6.27860
PSZ2G146.00-49.45   27.884972   10.706949   0.0970000   1.07489   5.09321
PSZ2G146.82+40.97   144.18492   65.975195   0.259000   1.06664   5.88756
PSZ2G147.88+53.24   164.39237   58.018728   0.600000   1.05592   8.37562
PSZ2G148.36+75.23   184.61853   40.221117   0.303800   1.06927   6.19701
PSZ2G149.22+54.18   164.60393   56.792620   0.136900   1.21754   6.66107
PSZ2G149.75+34.68   127.71475   65.862290   0.181800   1.37548   8.72156
PSZ2G150.24+48.72   155.85135   59.808461   0.205500   1.00650   5.00774
PSZ2G150.56+46.67   152.18300   60.777799   0.398297   1.06382   6.79190
PSZ2G150.56+58.32   168.79524   53.327539   0.470000   1.17060   8.77077
PSZ2G151.19+48.27   154.40842   59.550986   0.289487   1.09913   6.42415
PSZ2G151.86-75.04   20.248899   -13.859341   0.0519000   0.823938   2.98780
PSZ2G152.33+81.28   187.66987   34.628968   0.333100   1.10066   6.74393
PSZ2G153.00-58.26   28.145120   0.99033592   0.227000   1.12191   6.25680
PSZ2G153.29+36.56   130.67756   62.675830   0.650000   1.02685   8.41267
PSZ2G153.57+36.26   129.94218   62.514779   0.132000   1.01426   4.72714
PSZ2G154.13+40.19   137.80758   61.132396   0.289825   1.12626   6.72324
PSZ2G155.27-68.42   24.333752   -8.4815283   0.566000   1.19197   10.0914
PSZ2G155.46-60.15   28.386640   -1.2659784   0.243800   1.05417   5.67145
PSZ2G155.80+70.40   178.48330   42.859962   0.333145   1.03223   5.98838
PSZ2G155.95-72.13   22.694978   -11.831425   0.620000   1.04756   8.44046
PSZ2G156.26+59.64   167.10236   50.281112   0.587747   1.07720   8.57231
PSZ2G157.43+30.34   117.23816   59.694922   0.450000   1.20874   9.10438
PSZ2G157.63+78.02   184.38715   36.716732   0.377025   1.09566   7.00971
PSZ2G159.86+42.57   139.87912   56.346007   0.269608   1.07213   6.00934
PSZ2G159.91-73.50   22.980877   -13.613995   0.206000   1.34320   8.54964
PSZ2G160.83+81.66   186.72501   33.570327   0.888000   0.902858   8.64978
PSZ2G162.33+25.03   108.56233   54.690050   0.104300   0.968044   4.22416
PSZ2G162.49-71.98   24.509965   -12.797438   0.210800   1.09772   5.91185
PSZ2G163.61+34.30   124.70988   54.533307   0.595861   1.01751   7.78403
PSZ2G163.69+53.52   155.59749   50.119747   0.158000   1.12543   5.87640
PSZ2G163.87+48.54   148.20054   51.888276   0.214000   1.00921   5.07591
PSZ2G164.65+46.37   144.58981   52.033551   0.342000   1.13972   7.26241
PSZ2G165.06+54.13   155.94039   49.132731   0.144000   1.14732   6.00797
PSZ2G165.46+66.15   170.91857   43.013504   0.195700   1.02306   5.11109
PSZ2G165.68+44.01   140.58594   51.887624   0.209733   1.02315   5.18419
PSZ2G165.76+31.15   119.54154   52.598608   0.259000   1.06212   5.84139
PSZ2G165.95+41.01   135.72269   52.202052   0.0619000   0.839601   3.12164
PSZ2G166.09+43.38   139.48365   51.722055   0.217200   1.24658   7.53000
PSZ2G166.62+42.13   137.39485   51.548926   0.232250   1.14089   6.48877
PSZ2G167.66-65.59   29.977554   -8.8588899   0.405000   1.18189   8.31378
PSZ2G167.98-59.95   33.684216   -4.5856181   0.139300   1.09751   5.50898
PSZ2G168.33+69.73   174.05054   40.103212   0.288000   1.07858   6.19386
PSZ2G169.62+33.84   124.17760   49.550223   0.346600   1.13177   7.20417
PSZ2G170.26+73.90   178.01673   37.253657   0.164800   0.977512   4.55679
PSZ2G170.98+39.45   132.76021   48.510419   0.537638   1.16553   9.37896
PSZ2G172.63+35.15   126.36985   47.153244   0.126700   1.06653   5.16205
PSZ2G172.98-53.55   39.965051   -1.5680820   0.373000   1.22045   8.52247
PSZ2G174.40-57.33   37.930074   -4.8611522   0.184300   1.05088   5.31111
PSZ2G175.60+35.47   127.08279   44.754896   0.145000   0.979154   4.48407
PSZ2G175.69-85.98   16.375976   -24.654842   0.230000   1.16539   6.73372
PSZ2G175.89+24.24   111.83748   42.529661   0.186500   1.01187   4.96250
PSZ2G176.25-52.57   42.055980   -2.2374019   0.236000   1.18914   7.03291
PSZ2G176.27+37.54   130.03782   44.361752   0.566894   1.05168   8.01092
PSZ2G178.00+42.32   136.68403   43.136120   0.236800   1.03245   5.41817
PSZ2G178.94+56.00   154.94811   41.009799   0.0922000   0.895486   3.61578
PSZ2G179.09+60.12   160.18637   39.959179   0.137200   1.05704   5.12833
PSZ2G180.60+76.65   179.31097   33.610971   0.213800   1.21389   7.14395
PSZ2G180.88+31.04   121.97395   39.775497   0.364653   1.12864   7.30742
PSZ2G181.06+48.47   144.85008   40.757571   0.240392   1.05299   5.64006
PSZ2G181.71-68.65   31.648997   -14.880019   0.152900   1.06297   5.26068
PSZ2G182.59+55.83   154.25745   39.027957   0.206000   1.18653   6.79524
PSZ2G183.30+34.98   127.43349   38.454784   0.391900   1.15128   7.80766
PSZ2G183.90+42.99   137.69634   38.811248   0.561000   1.09818   8.62210
PSZ2G184.24+43.69   138.60191   38.601930   0.397000   1.07763   6.94630
PSZ2G184.68+28.91   120.23994   36.097197   0.288000   1.12934   6.74438
PSZ2G185.08+34.02   126.53965   36.850483   0.364755   1.09095   6.86270
PSZ2G185.16-53.63   44.769480   -6.9711388   0.422989   1.12560   7.74593
PSZ2G186.37+37.26   130.74851   36.352770   0.282000   1.42582   10.3206
PSZ2G186.61+62.94   162.66456   35.842893   0.509365   1.04817   7.46681
PSZ2G186.99+38.65   132.53853   36.076559   0.378000   1.17377   7.97162
PSZ2G187.53+21.92   113.06461   31.626100   0.171000   1.15344   6.22862
PSZ2G188.57-68.86   32.956537   -17.034820   0.174000   0.996363   4.76356
PSZ2G189.23+20.55   112.19609   29.673008   0.397600   1.08077   6.98841
PSZ2G189.31+59.24   157.95445   35.040602   0.125900   1.00291   4.60285
PSZ2G190.61+66.46   166.53758   33.572044   0.488100   1.04862   7.29851
PSZ2G192.18+56.12   154.09107   33.660418   0.124000   1.04123   4.92493
PSZ2G192.77+33.14   127.17181   30.402164   0.0503000   0.822198   2.97189
PSZ2G192.90+29.63   123.30393   29.365200   0.360465   1.07638   6.66316
PSZ2G193.63+54.85   152.57288   32.830679   0.292000   1.10561   6.51151
PSZ2G194.98+54.12   151.75022   32.021232   0.374986   1.10342   7.08639
PSZ2G195.24+29.34   123.65789   27.336560   0.284176   1.09128   6.30437
PSZ2G195.60+44.06   140.09931   30.503754   0.295200   1.16769   7.22899
PSZ2G197.13+33.46   128.61426   26.973132   0.456100   1.08196   7.46536
PSZ2G198.46+46.01   142.71176   28.847620   0.299462   1.12814   6.81244
PSZ2G199.61+53.41   151.20120   29.231111   0.371173   1.09684   6.97954
PSZ2G199.75+46.59   143.53873   28.076383   0.553387   1.04403   7.78486
PSZ2G200.06+77.22   178.55812   29.243052   0.360512   1.03689   6.21783
PSZ2G200.63-64.71   39.108585   -19.348948   0.0907000   0.928015   3.85743
PSZ2G200.82+27.42   123.39442   22.068874   0.382015   1.12768   7.43376
PSZ2G201.54+30.62   126.87995   22.554153   0.334900   1.16390   7.49336
PSZ2G202.50+19.17   115.85594   17.572477   0.101593   0.940130   3.99128
PSZ2G203.18+20.84   117.72710   17.643324   0.184015   1.01049   4.93790
PSZ2G203.22+66.40   166.17212   28.549183   0.579565   1.03164   7.84089
PSZ2G205.05-62.95   41.607628   -20.526874   0.310000   1.24940   8.32195
PSZ2G205.48+18.70   116.58563   14.796997   0.446659   1.08380   7.41154
PSZ2G205.65+18.10   116.09240   14.406008   0.445414   1.09691   7.56802
PSZ2G205.90+73.76   174.55337   27.920296   0.447400   1.17235   8.57878
PSZ2G205.93-39.46   64.406364   -11.895872   0.443000   1.38999   11.7025
PSZ2G206.22+24.89   122.76867   16.628793   0.0925000   0.901195   3.65960
PSZ2G207.88+81.31   183.09008   27.553045   0.353000   1.22217   8.36296
PSZ2G208.61-74.39   30.062276   -24.906700   0.720000   0.995310   8.58971
PSZ2G209.17-80.38   23.556037   -26.092958   0.159700   0.983679   4.58732
PSZ2G209.53+43.32   142.00061   20.563807   0.192000   1.03518   5.20463
PSZ2G210.01+50.85   149.84077   22.472348   0.319000   1.07812   6.39408
PSZ2G210.08-60.96   44.418116   -22.162703   0.322000   1.15125   7.24337
PSZ2G210.64+17.09   117.20718   9.6685240   0.480000   1.17811   8.97391
PSZ2G211.21+38.66   137.80447   17.802743   0.504900   1.12526   8.47329
PSZ2G212.25-53.20   52.775650   -21.027596   0.188000   1.08220   5.62847
PSZ2G212.44+63.19   163.21838   24.229426   0.541977   1.03347   7.54303
PSZ2G212.50-61.38   44.312336   -23.396688   0.504900   1.08221   7.88277
PSZ2G212.80+50.63   150.16530   20.720676   0.218671   1.04295   5.42009
PSZ2G212.82-84.04   19.548498   -26.958762   0.227500   1.16690   6.73278
PSZ2G212.93-54.04   52.039903   -21.660823   0.590000   1.04610   8.14014
PSZ2G213.27+78.38   179.86397   26.459324   0.316000   1.06906   6.27496
PSZ2G213.30+50.99   150.62970   20.528271   0.320500   1.05928   6.19847
PSZ2G213.39+80.59   182.32342   26.659126   0.558600   1.10387   8.68170
PSZ2G214.08+23.15   124.15811   9.3693992   0.255700   1.15590   6.80915
PSZ2G215.19-49.65   57.001095   -21.735052   0.239900   1.18272   6.99046
PSZ2G215.61+22.61   124.28629   7.8691014   0.249188   1.12387   6.42072
PSZ2G216.62+47.00   147.45921   17.121391   0.382600   1.24664   8.95664
PSZ2G217.09+40.15   141.03200   14.166260   0.135700   1.06222   5.16756
PSZ2G218.59+71.31   172.46477   23.816835   0.137100   1.03380   4.92106
PSZ2G218.81+35.51   137.28806   10.985214   0.175100   1.17029   6.42398
PSZ2G219.12+44.49   145.74920   14.540684   0.340300   1.08850   6.65749
PSZ2G219.45-35.90   72.047018   -20.444620   0.0720000   0.932716   3.82764
PSZ2G219.88+22.83   126.28130   4.4563674   0.232813   1.12128   6.28730
PSZ2G219.89-34.39   73.689610   -20.280458   0.700000   1.08530   9.85925
PSZ2G220.11+22.91   126.44772   4.3036182   0.224800   1.11005   6.12121
PSZ2G220.53-38.55   69.646189   -22.103657   0.0670000   0.924330   3.74715
PSZ2G220.74-58.91   47.867158   -26.935919   0.0685000   0.858009   3.26896
PSZ2G220.83+42.20   144.14657   12.452202   0.310400   1.13654   6.98662
PSZ2G222.52+20.58   125.44952   1.2301811   0.0822000   0.906108   3.66178
PSZ2G222.77+60.67   162.20731   18.847420   0.160300   1.01682   4.88049
PSZ2G222.99-65.70   40.354433   -28.659431   0.232300   1.19839   7.10775
PSZ2G223.16-68.81   36.809603   -28.837741   0.213800   1.05534   5.51275
PSZ2G223.47+26.85   131.37058   3.4753992   0.326900   1.09728   6.66158
PSZ2G223.93-60.10   46.752879   -28.684370   0.253700   1.23695   7.70377
PSZ2G224.00+69.33   171.00461   21.489387   0.190400   1.15363   6.35084
PSZ2G224.03-76.42   28.112743   -28.913241   0.413000   1.10419   7.39422
PSZ2G224.40-76.54   27.967978   -28.989802   0.413000   1.09702   7.30554
PSZ2G224.53-30.27   79.267170   -22.612903   0.200138   1.02292   5.13246
PSZ2G225.48+29.41   134.47530   3.1744233   0.203000   1.09716   5.86033
PSZ2G225.56-27.27   82.650660   -22.459351   0.170600   1.01756   4.93644
PSZ2G225.84+41.84   145.54030   8.9730699   0.206000   1.04998   5.41840
PSZ2G226.18+76.79   178.83229   23.409586   0.142700   1.22078   6.73123
PSZ2G226.75+48.95   152.21583   11.789731   0.224500   1.10825   6.10103
PSZ2G227.21+54.79   157.66284   14.243262   0.326478   1.06866   6.34054
PSZ2G227.59+22.98   129.86034   -1.6789274   0.280850   1.07960   6.15861
PSZ2G227.61+54.87   157.84795   14.076564   0.318800   1.10092   6.64529
PSZ2G227.63-52.28   55.916970   -29.927701   0.210900   1.01338   5.09885
PSZ2G227.89+36.58   141.71538   5.0097365   0.461600   1.11067   7.88400
PSZ2G228.16+75.20   177.40322   22.406338   0.545000   1.26507   11.0061
PSZ2G228.29+55.08   158.22432   13.824886   0.315200   1.04639   6.02564
PSZ2G228.30-49.02   59.705755   -29.934706   0.425000   1.17277   8.37622
PSZ2G228.38+38.58   143.64188   5.6835810   0.543811   1.06176   7.94613
PSZ2G228.50+34.95   140.56057   3.7528931   0.270100   1.15580   6.91006
PSZ2G228.62+68.44   170.80078   19.611819   0.104200   0.974543   4.27642
PSZ2G229.37+49.70   153.72498   10.651079   0.203292   1.03947   5.30401
PSZ2G229.74+77.96   180.32621   23.095812   0.269000   1.26023   8.10136
PSZ2G230.29-47.13   62.096075   -30.991144   0.0600000   0.849160   3.18234
PSZ2G230.48+71.51   174.05344   20.324521   0.321184   1.10954   6.75896
PSZ2G230.73+27.70   135.37264   -1.6582023   0.294350   1.08853   6.34208
PSZ2G230.76+65.41   168.32083   17.535835   0.170600   0.990880   4.69944
PSZ2G231.56+60.03   163.57561   14.656080   0.299400   1.19747   7.60748
PSZ2G231.79+31.48   139.05800   -0.41180231   0.332405   1.06628   6.35440
PSZ2G232.84+38.13   145.11100   2.4719306   0.150800   1.01358   4.80722
PSZ2G233.05+23.67   133.08726   -5.5834397   0.192000   1.02581   5.11772
PSZ2G233.25-30.01   82.080031   -29.717560   0.158200   1.00318   4.75025
PSZ2G233.68+36.14   143.81963   0.81844503   0.356823   1.09883   6.89576
PSZ2G234.06-30.74   81.492056   -30.587508   0.199400   1.07486   5.62141
PSZ2G234.52+82.85   185.56940   24.312864   0.524093   1.02554   7.28943
PSZ2G235.56+23.29   134.04520   -7.7117910   0.374000   1.17169   7.91115
PSZ2G235.74-67.98   37.337535   -33.510740   0.0792000   0.869183   3.38096
PSZ2G236.92-26.65   86.900730   -31.872971   0.148300   1.14142   5.97554
PSZ2G238.69+63.26   168.23599   13.485337   0.169000   1.10030   5.69644
PSZ2G239.27-26.01   88.348532   -33.701950   0.430000   1.24986   9.47606
PSZ2G239.43+47.95   155.92402   4.1662611   0.285000   1.19674   7.48528
PSZ2G239.93-39.97   71.688537   -37.058418   0.580000   1.09736   8.79517
PSZ2G240.30-50.34   58.640507   -37.751120   0.251000   1.12056   6.39766
PSZ2G240.61-60.40   46.019234   -36.919385   0.219200   1.06370   5.62439
PSZ2G240.80-46.51   63.494746   -38.112504   0.0501000   0.798451   2.81439
PSZ2G241.11-28.68   85.737814   -35.984258   0.420000   1.18349   8.47217
PSZ2G241.76-30.88   83.231675   -37.039633   0.270800   1.23182   7.78090
PSZ2G241.79-24.01   91.469551   -35.309111   0.139200   1.19715   6.47018
PSZ2G241.79+50.30   158.73378   4.3823692   0.152400   0.968643   4.42685
PSZ2G242.41-37.40   75.203526   -38.674947   0.0536000   0.836887   3.08000
PSZ2G243.15-73.84   29.762924   -34.235115   0.410000   1.22588   8.94458
PSZ2G243.34-50.92   57.759447   -39.638189   0.237000   1.04426   5.53460
PSZ2G243.64+67.74   173.21215   14.472178   0.0834000   1.08353   5.10485
PSZ2G244.11-53.59   54.249534   -39.829899   0.103000   0.958825   4.14493
PSZ2G244.37-32.15   82.201187   -39.477494   0.283900   1.24886   8.09081
PSZ2G244.71+32.50   146.38223   -8.6410602   0.153500   1.16524   6.23983
PSZ2G244.74-28.59   86.794345   -39.064515   0.319000   1.07785   6.39109
PSZ2G244.77+59.80   167.22263   9.0878156   0.465920   1.07623   7.47277
PSZ2G245.47-53.62   54.060880   -40.623736   0.172900   1.09435   5.66118
PSZ2G245.70-33.75   80.384113   -40.834128   0.0756000   0.859735   3.30236
PSZ2G246.49-35.31   78.440514   -41.691257   0.0810000   0.779133   2.76562
PSZ2G247.56-56.06   50.584036   -41.349700   0.0643000   0.841455   3.14119
PSZ2G247.69-25.06   92.096350   -40.757703   0.343700   1.02043   5.92862
PSZ2G247.97+33.52   148.98719   -10.029589   0.163400   0.987936   4.64083
PSZ2G247.99-26.37   90.497394   -41.351342   0.230000   0.985851   4.93971
PSZ2G249.38+33.26   149.60178   -11.069007   0.166900   1.17280   6.39788
PSZ2G249.80-68.11   35.252405   -38.478093   0.228000   1.01634   5.21578
PSZ2G249.91-39.86   72.447092   -44.689824   0.150100   1.03082   4.95636
PSZ2G250.04+24.14   143.06493   -17.671431   0.400000   1.15284   7.89630
PSZ2G250.43-41.42   70.245811   -45.070315   0.150000   0.928901   4.08690
PSZ2G250.59-25.03   93.039553   -43.291349   0.550000   0.994606   7.08935
PSZ2G250.68+40.76   155.78638   -6.6054532   0.254400   1.03562   5.54809
PSZ2G250.89-36.24   77.598099   -45.329161   0.200000   1.18241   6.71118
PSZ2G251.13-78.15   24.077039   -34.003041   0.304000   1.02333   5.71419
PSZ2G252.23-50.62   57.066457   -45.245208   0.358200   1.03293   6.15867
PSZ2G252.95-41.35   70.232310   -46.958037   0.350000   1.01792   5.94154
PSZ2G252.99-56.09   49.450728   -44.265024   0.0752000   0.985768   4.25290
PSZ2G253.04+36.83   154.32662   -10.693876   0.0586000   0.914884   3.64887
PSZ2G253.13+57.49   168.55488   4.3508768   0.229300   1.10540   6.10166
PSZ2G253.21+34.25   152.60279   -12.643998   0.306200   1.08231   6.35371
PSZ2G253.48-33.72   81.462585   -47.262306   0.191300   1.10740   5.89286
PSZ2G254.08-58.45   46.081561   -44.030509   0.458410   1.10238   7.74818
PSZ2G254.51-27.32   90.994436   -47.230342   0.274400   1.09088   6.23629
PSZ2G254.64-45.20   64.391447   -47.798818   0.581050   0.963880   6.92545
PSZ2G254.66-34.45   80.491577   -48.284758   0.296000   0.988442   5.31384
PSZ2G254.73-30.52   86.355521   -47.957651   0.125400   0.891686   3.70068
PSZ2G254.90+33.92   153.41402   -13.847364   0.151700   0.988179   4.59050
PSZ2G254.92+82.31   186.71413   21.857499   0.437266   1.04339   6.83711
PSZ2G254.96+55.88   168.21725   2.4837495   0.0780000   0.911469   3.68782
PSZ2G255.07+54.84   167.57596   1.6595500   0.0887401   0.886393   3.53679
PSZ2G255.32-56.27   48.614042   -45.430751   0.0718000   0.829943   3.08291
PSZ2G255.51+49.96   164.56971   -2.1905538   0.340297   1.07167   6.46808
PSZ2G255.52-35.66   78.706559   -49.045797   0.0912000   0.882865   3.51872
PSZ2G255.60-46.18   62.789217   -48.303018   0.423513   1.12354   7.72420
PSZ2G255.64-25.30   94.236800   -47.790687   0.116400   0.967673   4.26931
PSZ2G256.24+34.83   154.88686   -13.928393   0.152752   1.07400   5.36140
PSZ2G256.38+44.04   161.13657   -7.0599523   0.134200   0.994162   4.56467
PSZ2G256.53-65.70   36.462378   -41.921382   0.219500   1.19729   7.00422
PSZ2G256.67+42.05   159.99253   -8.7127266   0.0650000   0.841344   3.14241
PSZ2G257.09+55.61   168.94930   1.4961155   0.349900   1.18778   7.90620
PSZ2G257.51+57.54   170.36274   2.8421513   0.0468000   0.798871   2.80890
PSZ2G258.33-38.54   74.153644   -51.243328   0.561539   0.998432   7.23258
PSZ2G259.30+84.41   188.67535   23.024874   0.328669   1.06952   6.36479
PSZ2G259.58-51.07   54.557055   -49.584962   0.530000   0.987984   6.84771
PSZ2G259.98-63.43   38.078171   -44.361218   0.283600   1.25654   8.18059
PSZ2G260.52-54.50   49.362920   -48.831400   0.164197   0.961568   4.41750
PSZ2G260.63-28.94   89.892914   -52.824878   0.600900   1.02709   7.96511
PSZ2G260.76-31.27   86.072456   -53.180536   0.250000   0.946124   4.67185
PSZ2G260.85-62.19   39.272044   -45.355542   0.190000   1.03041   5.15012
PSZ2G261.09-66.14   34.597296   -43.249930   0.560000   0.991038   7.12144
PSZ2G261.28-36.47   77.343521   -53.695796   0.460720   0.964428   6.06430
PSZ2G261.88+62.85   175.33563   5.7093318   0.0974000   0.917334   3.79908
PSZ2G262.01-32.98   83.273211   -54.324537   0.230000   0.944974   4.56713
PSZ2G262.23+34.48   158.59145   -17.344174   0.210000   1.02353   5.18910
PSZ2G262.27-35.38   79.146968   -54.534333   0.295200   1.31519   9.01038
PSZ2G262.73-40.92   69.595390   -54.320836   0.421000   1.18837   8.54630
PSZ2G262.83+25.77   153.25770   -24.503613   0.180124   1.03165   5.11138
PSZ2G262.95+45.74   165.89668   -8.5864599   0.154000   1.00149   4.71619
PSZ2G263.03-56.19   46.085244   -49.355700   0.392000   1.03045   6.35898
PSZ2G263.24-33.18   82.953675   -55.358925   0.300000   1.01213   5.57542
PSZ2G264.60-51.07   52.662152   -52.502440   0.440000   1.15089   8.22321
PSZ2G264.92+44.70   166.45573   -10.234796   0.466000   1.09090   7.66323
PSZ2G265.10-59.50   40.911598   -48.560072   0.500100   1.07967   7.80687
PSZ2G265.49-30.50   87.912454   -57.172152   0.423000   0.974099   5.92680
PSZ2G266.83+25.08   155.97147   -27.252178   0.254200   1.26039   7.98038
PSZ2G268.30+28.89   159.59889   -24.884187   0.123000   0.959797   4.23148
PSZ2G268.34-43.64   63.037029   -57.662363   0.340000   1.02769   5.98330
PSZ2G269.03+44.22   168.72467   -12.203231   0.191200   1.06996   5.52865
PSZ2G269.31-49.87   52.175890   -55.720327   0.0853000   1.01866   4.56135
PSZ2G269.36-47.20   56.431451   -56.970250   0.0570000   0.799447   2.83832
PSZ2G269.82-64.35   33.223143   -47.200380   0.115000   0.894673   3.68726
PSZ2G270.37+69.42   181.80742   9.3968777   0.291776   1.05824   6.00293
PSZ2G270.63-35.67   77.480852   -61.287532   0.313000   1.10799   6.68343
PSZ2G270.93-58.78   38.946843   -51.362321   0.278000   1.16356   7.05387
PSZ2G270.95-31.78   85.582972   -61.872576   0.140000   0.896295   3.78858
PSZ2G271.18-30.95   87.346043   -62.072722   0.370000   1.20718   8.32470
PSZ2G271.28-36.11   76.391988   -61.741052   0.250000   1.01298   5.30150
PSZ2G271.53-56.57   41.368701   -53.042242   0.300000   1.20510   7.70237
PSZ2G272.08-29.06   91.486955   -62.797188   0.0977370   0.892619   3.61285
PSZ2G272.16+33.47   165.30661   -22.728945   0.141600   1.05421   5.12455
PSZ2G272.85+48.79   173.30359   -9.4594227   0.420000   1.09024   7.27759
PSZ2G273.59+63.27   180.10910   3.3484718   0.133900   1.19570   6.42302
PSZ2G273.69-68.38   27.665094   -45.236821   0.320000   0.969679   5.25989
PSZ2G275.64-49.09   49.256814   -59.607248   0.469000   0.980429   6.30929
PSZ2G276.09-41.53   62.663914   -63.741124   0.140000   0.959328   4.29670
PSZ2G276.75-59.82   34.329382   -52.718257   0.343200   1.03318   6.06328
PSZ2G277.38+47.07   175.36749   -12.298971   0.119500   0.958068   4.20344
PSZ2G277.76-51.74   43.568494   -58.960758   0.438000   1.28812   10.1084
PSZ2G278.33-41.53   60.931884   -65.242022   0.120000   1.01700   4.69701
PSZ2G278.58+39.16   172.98557   -19.914420   0.307500   1.31962   9.18466
PSZ2G279.02+81.24   189.11799   19.078166   0.180000   0.998718   4.81276
PSZ2G279.51-44.85   53.247232   -64.231331   0.0785580   0.821218   3.04181
PSZ2G279.79+39.09   173.87955   -20.340288   0.290000   1.16919   7.20676
PSZ2G280.17+47.83   177.44691   -12.296570   0.155700   1.22267   6.83585
PSZ2G280.23-53.84   38.682147   -58.491698   0.415000   1.02771   6.48805
PSZ2G280.76-52.30   40.214163   -59.855504   0.590000   0.964863   7.00843
PSZ2G281.09-42.51   56.299363   -66.501479   0.380000   1.01831   6.14073
PSZ2G281.26-46.90   47.848781   -63.906659   0.284000   1.04624   5.82997
PSZ2G282.12+54.04   180.72976   -6.8582914   0.126800   1.13109   5.75604
PSZ2G282.14+38.29   175.40513   -21.745573   0.327000   1.06672   6.32280
PSZ2G282.28+49.94   179.50334   -10.775549   0.660000   1.09742   9.62203
PSZ2G283.26+77.37   188.48854   15.175569   0.281640   1.11676   6.56229
PSZ2G283.91+73.87   187.55492   11.796370   0.0852000   0.989324   4.32067
PSZ2G284.41+52.45   181.56221   -8.7887260   0.441400   1.34895   11.0513
PSZ2G284.59+70.84   186.86351   8.8325637   0.0896000   0.892125   3.58209
PSZ2G285.52-62.23   26.262366   -53.040497   0.116800   1.04519   4.92603
PSZ2G285.63+72.75   187.71466   10.575836   0.165000   1.18790   6.53910
PSZ2G285.87-74.93   18.695670   -41.413435   0.213000   1.08510   5.79940
PSZ2G286.28-38.36   59.804728   -72.097103   0.307000   1.15039   7.11957
PSZ2G286.39+64.06   185.70321   2.1157795   0.228986   1.04607   5.50731
PSZ2G286.98+32.90   177.70615   -28.085475   0.390000   1.50748   12.8357
PSZ2G287.25+34.96   178.57339   -26.163982   0.349000   1.09835   6.83270
PSZ2G287.46+81.12   190.37136   18.552325   0.0730000   0.951692   3.97671
PSZ2G287.54+58.63   184.90696   -3.2840919   0.305033   1.02773   5.76608
PSZ2G287.72+26.46   176.32041   -34.442772   0.0697000   0.946639   3.92592
PSZ2G288.15-39.04   55.110497   -72.859259   0.480000   1.07235   7.53934
PSZ2G288.27+39.97   180.82543   -21.524794   0.199200   1.27354   7.69418
PSZ2G288.63-37.66   58.060981   -74.008563   0.127000   1.26037   7.03474
PSZ2G289.13+72.19   188.61582   9.7815310   0.229000   1.17964   6.88007
PSZ2G289.16+55.27   185.01170   -6.7568820   0.410000   1.06977   6.95028
PSZ2G290.19+30.16   179.95287   -31.426735   0.0685000   0.905254   3.61009
PSZ2G291.34-55.31   26.316291   -60.588034   0.180500   1.02741   5.07446
PSZ2G292.40-57.11   23.990687   -59.093175   0.490000   0.997660   6.66928
PSZ2G292.74+33.49   183.18797   -28.612109   0.0815700   0.875890   3.43687
PSZ2G294.68-37.01   45.991013   -77.903209   0.274200   1.22961   7.78249
PSZ2G294.89-37.19   44.842560   -77.862862   0.470000   1.00831   6.65297
PSZ2G295.19-56.99   21.205826   -59.632495   0.217000   1.02898   5.27750
PSZ2G295.63-51.96   23.358729   -64.567876   0.333000   1.14853   7.29642
PSZ2G296.27-52.05   22.412132   -64.579225   0.326400   1.10022   6.69118
PSZ2G297.97-67.74   15.736233   -49.271749   0.870000   1.12351   12.7112
PSZ2G299.38-57.32   16.651204   -59.700525   0.348114   1.02211   5.97481
PSZ2G301.11+60.05   191.95286   -2.8002916   0.179700   1.09151   5.67179
PSZ2G302.85-88.63   12.861472   -28.497806   0.112500   0.992972   4.46192
PSZ2G303.03-68.49   12.804354   -48.636709   0.187300   0.979137   4.67307
PSZ2G303.54+36.49   193.41076   -26.369355   0.221153   1.05839   5.58352
PSZ2G304.84-41.40   7.0698749   -75.634005   0.410000   1.20319   8.64040
PSZ2G304.84+69.84   193.52361   6.9787554   0.346000   1.05718   6.34558
PSZ2G305.88-44.56   5.8865502   -72.404093   0.300000   1.13691   6.91474
PSZ2G306.02+34.47   195.75176   -28.329982   0.221200   1.12065   6.20731
PSZ2G306.22-53.56   8.4858181   -63.449523   0.597129   0.981080   7.28611
PSZ2G306.50+38.50   195.92780   -24.280654   0.128800   1.09881   5.46596
PSZ2G306.66+61.06   194.66540   -1.7496547   0.0845000   1.12977   5.52123
PSZ2G306.77+58.61   194.86732   -4.2009433   0.0845000   1.18058   5.98982
PSZ2G307.72-77.87   11.562409   -39.207346   0.453000   1.09355   7.58827
PSZ2G308.64+60.26   195.69295   -2.4839679   0.0847000   0.896493   3.59839
PSZ2G308.85-50.61   3.5681658   -66.080234   0.159900   0.969319   4.46494
PSZ2G309.49+37.31   198.63127   -25.265723   0.243900   1.22670   7.51014
PSZ2G311.62-42.31   350.05187   -73.237796   0.0984000   0.854550   3.33475
PSZ2G311.91-78.80   10.651104   -38.164156   0.219345   1.00967   5.10756
PSZ2G312.63-66.40   6.8029028   -50.268568   0.144800   1.02646   4.89258
PSZ2G312.94+55.38   198.56840   -7.0411971   0.189200   1.03763   5.21295
PSZ2G313.33+61.13   197.86033   -1.3363510   0.183200   1.37013   8.67081
PSZ2G313.55+41.93   201.26656   -20.241056   0.192600   1.05501   5.39396
PSZ2G314.26-55.35   359.70648   -60.596518   0.0989000   0.897492   3.65340
PSZ2G315.36+38.54   203.42017   -23.304175   0.126400   1.06500   5.14688
PSZ2G317.52+59.94   200.11320   -2.0996091   0.315551   1.08878   6.48795
PSZ2G318.05-58.88   358.70291   -56.551935   0.530000   0.998305   6.98076
PSZ2G318.25+73.24   197.31090   10.901739   0.425500   1.11083   7.57957
PSZ2G318.62+58.55   200.98189   -3.3189160   0.219595   1.07629   5.75062
PSZ2G319.19-48.59   346.75381   -65.100908   0.529800   1.03154   7.41563
PSZ2G321.98-47.96   342.45636   -64.415194   0.0940000   1.08929   5.20586
PSZ2G322.63-49.15   343.53061   -63.245209   0.211200   1.09817   5.91870
PSZ2G322.77+59.52   202.77714   -1.8055423   0.0852000   1.01493   4.53002
PSZ2G323.08-63.98   358.99553   -50.914128   0.319600   1.04908   6.08266
PSZ2G323.30+63.66   201.74777   2.2118505   0.259000   1.20204   7.34591
PSZ2G323.39+81.61   195.95400   19.242117   0.0643000   0.850327   3.20280
PSZ2G324.04+48.79   206.88626   -11.762555   0.451600   1.33769   11.0037
PSZ2G324.54-44.97   334.50479   -65.176999   0.0951000   0.987790   4.34777
PSZ2G324.69+62.17   202.82886   0.99570094   0.359299   1.10645   7.00317
PSZ2G324.99-49.26   341.26525   -62.101110   0.580000   1.03765   7.92955
PSZ2G325.99-59.48   353.09638   -53.965656   0.402000   1.08892   7.12018
PSZ2G326.71+50.30   208.00817   -9.7482570   0.202100   1.05139   5.41075
PSZ2G328.58-25.25   284.01773   -66.940457   0.179700   1.04027   5.18861
PSZ2G329.53-54.73   345.10350   -56.276878   0.152800   0.990475   4.61518
PSZ2G330.53-40.56   320.52431   -63.595885   0.217000   1.01557   5.15076
PSZ2G331.10+40.81   214.82952   -17.204471   0.299200   1.15682   7.13470
PSZ2G331.12+62.31   205.55023   2.2563185   0.0765000   0.929295   3.81727
PSZ2G331.96-45.74   329.55246   -60.412671   0.0750000   0.880323   3.44842
PSZ2G332.23-46.37   330.46907   -59.939912   0.0980000   1.22687   6.51262
PSZ2G332.36+62.19   206.12362   2.3890214   0.376445   1.12098   7.30810
PSZ2G333.59+73.19   201.54510   12.421807   0.204000   1.05522   5.45766
PSZ2G333.89-43.60   324.45711   -60.120073   0.318000   1.19012   7.67011
PSZ2G335.58-46.44   328.52843   -57.863014   0.0760000   1.11033   5.30519
PSZ2G336.01-51.27   335.98367   -55.310297   0.0791000   0.872568   3.40507
PSZ2G336.60-55.43   341.57173   -52.722139   0.0965000   1.11105   5.41257
PSZ2G336.95-45.75   326.62806   -57.277272   0.0760000   0.931706   3.83388
PSZ2G337.12-66.02   353.77262   -45.707987   0.547261   1.11337   8.70957
PSZ2G337.14-25.98   288.61938   -59.472209   0.260000   1.21150   7.46104
PSZ2G339.47+63.56   208.29268   5.1673231   0.0788000   0.934945   3.86846
PSZ2G339.63-69.34   356.18486   -42.716947   0.596000   1.17462   10.1565
PSZ2G340.36+60.58   210.25292   2.8707609   0.252800   1.38449   9.48253
PSZ2G340.46-52.20   335.08023   -52.451807   0.102000   0.931482   3.92505
PSZ2G341.19-36.12   308.06559   -56.435173   0.284000   1.14739   6.91651
PSZ2G341.44-40.19   315.25560   -55.716625   0.250000   1.09171   6.08970
PSZ2G341.69+50.67   216.33488   -4.9948976   0.330000   1.10915   6.81806
PSZ2G342.33-34.93   305.85326   -55.575108   0.232000   1.22964   7.45250
PSZ2G342.51-50.97   332.38257   -51.822832   0.106500   0.909240   3.76904
PSZ2G342.62-39.60   313.97211   -54.914979   0.139000   0.974049   4.41536
PSZ2G342.82-30.48   298.04964   -55.063506   0.0600000   1.02516   4.51055
PSZ2G343.33+83.19   197.60435   21.870459   0.279734   1.15363   6.95526
PSZ2G344.99-81.88   6.3813111   -33.005885   0.0491000   0.787343   2.73988
PSZ2G345.32-59.97   343.59407   -46.358326   0.270000   1.10797   6.38924
PSZ2G345.82-34.29   304.70420   -52.715204   0.0505000   0.851176   3.16932
PSZ2G346.30-30.35   298.31002   -52.066474   0.106900   0.978010   4.31550
PSZ2G346.36-77.71   2.4866175   -35.664870   0.120083   0.917138   3.87909
PSZ2G346.86-45.38   322.44885   -50.777063   0.0796000   0.870925   3.39476
PSZ2G347.17-27.36   293.72297   -50.877998   0.237100   1.25772   7.81113
PSZ2G347.27-52.46   332.83122   -48.535485   0.240000   0.981184   4.94661
PSZ2G347.58-35.35   306.45449   -51.277149   0.220000   1.06860   5.67710
PSZ2G348.43-25.50   291.24051   -49.408458   0.250000   1.16643   6.88406
PSZ2G348.46-64.83   348.47812   -42.672643   0.0564000   0.787257   2.75721
PSZ2G348.90-67.37   351.28438   -41.211830   0.358000   1.20281   8.16297
PSZ2G349.12+67.62   209.10035   10.782458   0.246965   1.05255   5.67372
PSZ2G349.46-59.95   342.21532   -44.525992   0.347500   1.40625   10.7805
PSZ2G350.12+45.29   224.11256   -5.8176447   0.220000   1.14447   6.44597
PSZ2G351.76-54.71   334.69246   -45.285662   0.610000   1.04189   8.26280
PSZ2G352.05-24.01   290.24717   -45.859852   0.798000   0.981288   9.13083
PSZ2G352.28-77.66   1.4896794   -34.701464   0.114700   1.07992   5.22306
PSZ2G355.07+46.20   226.02267   -2.7984393   0.215300   1.23632   7.40147
PSZ2G355.07+55.32   219.61402   3.6808964   0.219392   1.06501   5.63838
PSZ2G356.04-49.50   326.71226   -43.923944   0.0620000   0.820451   2.99134
PSZ2G356.05+70.99   208.50089   14.902486   0.125100   0.971706   4.33785
PSZ2G357.43+69.50   209.96481   14.250487   0.209000   1.17308   6.67326
PSZ2G357.75-41.77   315.92949   -43.325862   0.0487000   0.803699   2.84521
PSZ2G358.21-87.49   10.519321   -28.533385   0.108200   1.04937   4.92269
PSZ2G358.34-47.31   323.48568   -42.666426   0.200000   1.06623   5.54135
PSZ2G358.94-70.57   352.78031   -36.549807   0.0957000   0.931898   3.90537
PSZ2G358.98-67.26   348.92656   -37.779104   0.178600   1.15478   6.28878
PSZ2G359.07-32.12   303.01890   -41.486882   0.149600   1.12769   5.85047
